$ 3 0.05 382.76258214399064 53 5 50 5e-11
R -968 -320 -968 -352 0 0 40 5 0 0 0.5
g -968 192 -1016 192 0 0
w -912 80 -912 144 0
w -912 80 -888 80 0
w -912 16 -912 80 0
w -912 16 -888 16 0
w -912 -48 -912 16 0
w -912 -48 -888 -48 0
w -912 -112 -912 -48 0
w -912 -112 -888 -112 0
w -912 -176 -912 -112 0
w -888 -176 -912 -176 0
w -912 -248 -912 -176 0
w -912 -248 -888 -248 0
w -944 128 -888 128 0
w -968 128 -944 128 0
w -944 64 -888 64 0
w -968 64 -944 64 0
w -944 0 -888 0 0
w -968 0 -944 0 0
w -944 -64 -888 -64 0
w -968 -64 -944 -64 0
w -944 -128 -888 -128 0
w -968 -128 -944 -128 0
w -944 -192 -888 -192 0
w -968 -192 -944 -192 0
w -944 -264 -888 -264 0
w -968 -264 -944 -264 0
w -888 144 -912 144 0
w -968 144 -968 128 0
w -968 80 -968 64 0
w -968 16 -968 8 0
w -968 0 -968 8 0
w -968 -64 -968 -48 0
w -968 -128 -968 -112 0
w -968 -176 -968 -192 0
w -968 -264 -968 -248 0
r -968 144 -968 192 0 1000
a -888 136 -816 136 10 5 -5 1000000 0.6249999999999997 0.5200803003983815 100000
a -888 72 -816 72 10 5 -5 1000000 1.2499999999999993 0.5200803003983815 100000
a -888 8 -816 8 10 5 -5 1000000 1.8749999999999991 0.5200803003983815 100000
a -888 -56 -816 -56 10 5 -5 1000000 2.499999999999999 0.5200803003983815 100000
a -888 -120 -816 -120 10 5 -5 1000000 3.1249999999999996 0.5200803003983815 100000
a -888 -184 -816 -184 10 5 -5 1000000 3.75 0.5200803003983815 100000
a -888 -256 -816 -256 10 5 -5 1000000 4.375 0.5200803003983815 100000
r -968 80 -968 128 0 1000
r -968 16 -968 64 0 1000
r -968 -48 -968 0 0 1000
r -968 -112 -968 -64 0 1000
r -968 -176 -968 -128 0 1000
r -968 -248 -968 -192 0 1000
r -968 -320 -968 -264 0 1000
I -816 -256 -704 -256 0 0.5 5
I -816 -184 -704 -184 0 0.5 5
I -816 -120 -704 -120 0 0.5 5
I -816 -56 -704 -56 0 0.5 5
I -816 8 -704 8 0 0.5 5
I -816 72 -704 72 0 0.5 5
I -816 136 -704 136 0 0.5 5
374 -912 -376 -776 -376 0 0.1387 Light\sBrightness
R -776 -376 -736 -376 0 0 40 5 0 0 0.5
r -912 -480 -912 -376 0 10000
g -912 -480 -912 -504 0 0
w -912 -376 -912 -248 2
. LS148 1 5 9 14 0 38 5 3 1 1 4 3 2 3 3 3 3 5 2 3 4 7 0 2 5 9 1 2 6 11 2 2 7 13 3 2 A0 33 6 3 A1 34 6 2 A2 35 5 2 EL 15 4 2 EO 36 0 3 G5 37 1 3 InverterElm\s1\s2\rInverterElm\s3\s4\rInverterElm\s5\s6\rInverterElm\s7\s8\rInverterElm\s9\s10\rInverterElm\s11\s12\rInverterElm\s13\s14\rInverterElm\s15\s16\rInverterElm\s4\s17\rInverterElm\s8\s18\rInverterElm\s10\s19\rInverterElm\s12\s20\rAndGateElm\s16\s20\s18\s17\s2\s21\rAndGateElm\s18\s16\s6\s20\s22\rAndGateElm\s16\s20\s10\s23\rAndGateElm\s16\s14\s24\rAndGateElm\s19\s16\s4\s18\s25\rAndGateElm\s18\s16\s19\s6\s26\rAndGateElm\s16\s14\s27\rAndGateElm\s16\s12\s28\rAndGateElm\s16\s8\s29\rAndGateElm\s16\s10\s30\rAndGateElm\s16\s12\s31\rAndGateElm\s16\s14\s32\rNorGateElm\s24\s23\s22\s21\s33\rNorGateElm\s27\s28\s26\s25\s34\rNorGateElm\s32\s31\s30\s29\s35\rAndGateElm\s16\s36\s37\rNandGateElm\s16\s13\s11\s9\s7\s5\s3\s1\s38\s36 0\\s0.5\\s5\s0\\s0.5\\s5\s0\\s0.5\\s5\s0\\s0.5\\s5\s0\\s0.5\\s5\s0\\s0.5\\s5\s0\\s0.5\\s5\s0\\s0.5\\s5\s0\\s0.5\\s5\s0\\s0.5\\s5\s0\\s0.5\\s5\s0\\s0.5\\s5\s1\\s5\\s0\\s5\s1\\s4\\s0\\s5\s1\\s3\\s0\\s5\s1\\s2\\s5\\s5\s1\\s4\\s0\\s5\s1\\s4\\s0\\s5\s1\\s2\\s5\\s5\s1\\s2\\s5\\s5\s1\\s2\\s5\\s5\s1\\s2\\s5\\s5\s1\\s2\\s5\\s5\s1\\s2\\s5\\s5\s0\\s4\\s0\\s5\s0\\s4\\s0\\s5\s0\\s4\\s0\\s5\s1\\s2\\s5\\s5\s0\\s9\\s5\\s5
410 -512 -192 -224 168 1 LS148 0\s0.5\s5 0\s0.5\s5 0\s0.5\s5 0\s0.5\s5 0\s0.5\s5 0\s0.5\s5 0\s0.5\s5 0\s0.5\s5 0\s0.5\s5 0\s0.5\s5 0\s0.5\s5 0\s0.5\s5 1\s5\s0\s5 1\s4\s0\s5 1\s3\s0\s5 1\s2\s0\s5 1\s4\s0\s5 1\s4\s0\s5 1\s2\s0\s5 1\s2\s0\s5 1\s2\s0\s5 1\s2\s0\s5 1\s2\s0\s5 1\s2\s0\s5 0\s4\s5\s5 0\s4\s5\s5 0\s4\s5\s5 1\s2\s5\s5 0\s9\s5\s5
g -320 -32 -288 -32 0 0
g -512 -64 -560 -64 0 0
w -704 136 -224 136 0
w -224 136 -224 -64 0
w -224 -64 -320 -64 0
w -704 72 -704 104 0
w -704 104 -240 104 0
w -240 104 -240 -96 0
w -240 -96 -320 -96 0
w -704 8 -664 8 0
w -664 8 -664 88 0
w -664 88 -256 88 0
w -256 88 -256 -128 0
w -256 -128 -320 -128 0
w -704 -56 -632 -56 0
w -632 -56 -632 -192 0
w -632 -192 -512 -192 0
w -704 -120 -608 -120 0
w -608 -120 -608 -160 0
w -608 -160 -512 -160 0
w -704 -184 -704 -128 0
w -704 -128 -512 -128 0
w -704 -256 -672 -256 0
w -672 -256 -672 -96 0
w -672 -96 -512 -96 0
w -512 0 -552 0 0
w -552 0 -552 160 0
w -512 -32 -592 -32 0
w -592 -32 -592 200 0
w -552 160 -8 160 0
w -592 200 -88 200 0
w -320 0 80 0 0
w 944 152 1032 152 0
w 944 80 944 152 0
w 808 80 944 80 0
w 992 120 1032 120 0
w 992 48 992 120 0
w 808 48 992 48 0
w 1032 16 1032 88 0
w 808 16 1032 16 0
w 928 -56 1032 -56 0
w 928 -16 928 -56 0
w 808 -16 928 -16 0
w 888 -88 1032 -88 0
w 888 -48 888 -88 0
w 808 -48 888 -48 0
w 848 -120 1032 -120 0
w 848 -80 848 -120 0
w 808 -80 848 -80 0
w 808 -152 1032 -152 0
w 808 -112 808 -152 0
g 680 -112 624 -112 0 0
197 680 -112 832 -112 0
r 1120 152 1032 152 0 1000
r 1120 120 1032 120 0 1000
r 1120 88 1032 88 0 1000
r 1120 -56 1032 -56 0 1000
r 1120 -88 1032 -88 0 1000
r 1120 -120 1032 -120 0 1000
r 1120 -152 1032 -152 0 1000
w 1200 152 1120 152 0
w 1200 88 1200 152 0
w 1184 120 1120 120 0
w 1184 88 1184 120 0
w 1168 88 1120 88 0
w 1216 -56 1120 -56 0
w 1216 -8 1216 -56 0
w 1200 -88 1120 -88 0
w 1200 -8 1200 -88 0
w 1184 -120 1120 -120 0
w 1184 -8 1184 -120 0
w 1168 -152 1120 -152 0
w 1168 -8 1168 -152 0
g 1216 88 1216 128 0 0
g 1232 -8 1232 -40 0 0
157 1152 8 1192 8 4097 7 1 1
w 544 -80 680 -80 0
w 544 32 624 32 0
w 624 32 624 -48 0
w 624 -48 680 -48 0
w 544 144 680 144 0
w 680 144 680 -16 0
w 448 176 400 176 0
w 448 64 400 64 0
w 448 -48 400 -48 0
w 400 176 400 64 0
w 400 64 400 -48 0
w 248 -80 448 -80 0
w 288 32 448 32 0
w 336 144 448 144 0
155 448 -80 520 -80 0 5
155 448 32 512 32 0 5
155 448 144 504 144 0 5
S 400 -232 608 -232 0 1 false 0 2
w 144 -424 264 -424 0
w -80 -440 -80 -360 0
c 16 -440 -80 -440 0 0.003 0.9504908853951681 4.5
r 16 -360 -80 -360 0 100000
w 16 -408 16 -360 0
r 144 -360 16 -360 0 100000
w 144 -424 144 -360 0
w 144 -488 144 -424 0
r 16 -488 144 -488 0 4500
w 16 -440 16 -488 0
a 16 -424 144 -424 8 5 -5 1000000 0.9504908853951681 -2.500172530670803 100000
c 264 -424 384 -424 0 0.00001 -5.000345502493121 0.001
r 384 -424 384 -368 0 1000
g 384 -368 384 -344 0 0
g -80 -360 -80 -336 0 0
I 384 -424 544 -424 0 0.5 5
w 608 -424 608 -248 0
w 400 -232 400 -48 0
I 544 -424 608 -424 0 0.5 5
w 80 0 80 144 0
w 80 144 336 144 0
w -8 160 -8 32 0
w -8 32 288 32 0
w -88 200 -88 -80 0
w -88 -80 248 -80 0
w 984 -416 984 -216 0
w 984 -216 608 -216 0
I 536 480 600 480 0 0.5 5
I 376 480 536 480 0 0.5 5
g 376 536 376 560 0 0
r 376 480 376 536 0 1000
c 256 480 376 480 0 0.00001 5.000127362422809 0.001
w -728 272 -800 272 0
s -888 272 -800 272 0 1 true
w -728 336 -728 304 0
w -888 336 -888 304 0
w -776 336 -728 336 0
w -888 336 -824 336 0
a -824 432 -728 432 8 5 -5 1000000 -0.000048600127357722434 0 100000
w -888 416 -824 416 0
w -888 336 -888 416 0
g -872 448 -872 512 0 0
c -824 336 -776 336 0 0.003 -4.860061335899601 0
w -728 336 -728 432 0
w -728 432 -536 432 2
w -824 448 -872 448 0
w -952 416 -936 416 0
r -888 416 -936 416 0 1800
w 56 808 368 808 0
w -216 1008 288 1008 0
w -176 968 328 968 0
w -216 776 -216 1008 0
w -136 776 -216 776 0
w -176 808 -176 968 0
w -136 808 -176 808 0
w -296 712 -136 712 0
w -296 552 -296 712 0
w -328 552 -296 552 0
w -328 680 -136 680 0
w -328 624 -328 680 0
w -232 648 -136 648 0
w -232 688 -232 648 0
w -328 688 -232 688 0
w -256 616 -136 616 0
w -256 752 -256 616 0
w -328 752 -256 752 0
w 120 680 56 680 0
w 120 896 120 680 0
w -288 896 120 896 0
w -288 816 -288 896 0
w -328 816 -288 816 0
w 136 712 56 712 0
w 136 912 136 712 0
w -328 912 136 912 0
w -328 880 -328 912 0
w 152 744 56 744 0
w 152 944 152 744 0
w -328 944 152 944 0
g -136 744 -184 744 0 0
g 56 776 88 776 0 0
410 -136 616 152 976 1 LS148 0\s0.5\s5 0\s0.5\s5 0\s0.5\s5 0\s0.5\s5 0\s0.5\s5 0\s0.5\s5 0\s0.5\s5 0\s0.5\s5 0\s0.5\s5 0\s0.5\s5 0\s0.5\s5 0\s0.5\s5 1\s5\s0\s5 1\s4\s0\s5 1\s3\s0\s5 1\s2\s5\s5 1\s4\s0\s5 1\s4\s0\s5 1\s2\s5\s5 1\s2\s5\s5 1\s2\s5\s5 1\s2\s5\s5 1\s2\s5\s5 1\s2\s5\s5 0\s4\s0\s5 0\s4\s0\s5 0\s4\s0\s5 1\s2\s5\s5 0\s9\s5\s5
w -536 432 -536 560 0
I -440 944 -328 944 0 0.5 5
I -440 880 -328 880 0 0.5 5
I -440 816 -328 816 0 0.5 5
I -440 752 -328 752 0 0.5 5
I -440 688 -328 688 0 0.5 5
I -440 624 -328 624 0 0.5 5
I -440 552 -328 552 0 0.5 5
r -592 488 -592 544 0 1000
r -592 560 -592 616 0 1000
r -592 632 -592 680 0 1000
r -592 696 -592 744 0 1000
r -592 760 -592 808 0 1000
r -592 824 -592 872 0 1000
r -592 888 -592 936 0 1000
a -512 552 -440 552 10 5 -5 1000000 4.375 4.860012735772243 100000
a -512 624 -440 624 10 5 -5 1000000 3.75 4.860012735772243 100000
a -512 688 -440 688 10 5 -5 1000000 3.124999999999999 4.860012735772243 100000
a -512 752 -440 752 10 5 -5 1000000 2.499999999999999 4.860012735772243 100000
a -512 816 -440 816 10 5 -5 1000000 1.8749999999999993 4.860012735772243 100000
a -512 880 -440 880 10 5 -5 1000000 1.2499999999999993 4.860012735772243 100000
a -512 944 -440 944 10 5 -5 1000000 0.6249999999999997 4.860012735772243 100000
r -592 952 -592 1000 0 1000
w -592 544 -592 560 0
w -592 632 -592 616 0
w -592 680 -592 696 0
w -592 744 -592 760 0
w -592 808 -592 816 0
w -592 824 -592 816 0
w -592 888 -592 872 0
w -592 952 -592 936 0
w -512 952 -536 952 0
w -592 544 -568 544 0
w -568 544 -512 544 0
w -592 616 -568 616 0
w -568 616 -512 616 0
w -592 680 -568 680 0
w -568 680 -512 680 0
w -592 744 -568 744 0
w -568 744 -512 744 0
w -592 808 -568 808 0
w -568 808 -512 808 0
w -592 872 -568 872 0
w -568 872 -512 872 0
w -592 936 -568 936 0
w -568 936 -512 936 0
w -536 560 -512 560 0
w -536 560 -536 632 0
w -512 632 -536 632 0
w -536 632 -536 696 0
w -536 696 -512 696 0
w -536 696 -536 760 0
w -536 760 -512 760 0
w -536 760 -536 824 0
w -536 824 -512 824 0
w -536 824 -536 888 0
w -536 888 -512 888 0
w -536 888 -536 952 0
g -592 1000 -640 1000 0 0
R -592 488 -592 456 0 0 40 5 0 0 0.5
w 600 576 600 696 0
155 648 888 704 888 0 0
155 648 776 712 776 0 5
155 648 664 720 664 0 0
w 448 888 648 888 0
w 488 776 648 776 0
w 448 664 648 664 0
w 600 808 600 696 0
w 600 920 600 808 0
w 648 696 600 696 0
w 648 808 600 808 0
w 648 920 600 920 0
w 880 888 880 728 0
w 800 888 880 888 0
w 824 696 880 696 0
w 824 776 824 696 0
w 800 776 824 776 0
w 800 664 880 664 0
157 1352 752 1392 752 4097 7 1 1
g 1432 736 1432 704 0 0
g 1416 832 1416 872 0 0
w 1368 736 1368 592 0
w 1368 592 1320 592 0
w 1384 736 1384 624 0
w 1384 624 1320 624 0
w 1400 736 1400 656 0
w 1400 656 1320 656 0
w 1416 736 1416 688 0
w 1416 688 1320 688 0
w 1368 832 1320 832 0
w 1384 832 1384 864 0
w 1384 864 1320 864 0
w 1400 832 1400 896 0
w 1400 896 1320 896 0
r 1320 592 1232 592 0 1000
r 1320 624 1232 624 0 1000
r 1320 656 1232 656 0 1000
r 1320 688 1232 688 0 1000
r 1320 832 1232 832 0 1000
r 1320 864 1232 864 0 1000
r 1320 896 1232 896 0 1000
197 880 632 1032 632 0
g 880 632 824 632 0 0
w 1008 632 1008 592 0
w 1008 592 1232 592 0
w 1008 664 1048 664 0
w 1048 664 1048 624 0
w 1048 624 1232 624 0
w 1008 696 1088 696 0
w 1088 696 1088 656 0
w 1088 656 1232 656 0
w 1008 728 1128 728 0
w 1128 728 1128 688 0
w 1128 688 1232 688 0
w 1008 760 1232 760 0
w 1232 760 1232 832 0
w 1008 792 1192 792 0
w 1192 792 1192 864 0
w 1192 864 1232 864 0
w 1008 824 1144 824 0
w 1144 824 1144 896 0
w 1144 896 1232 896 0
w 328 968 328 776 0
w 328 776 488 776 0
w 368 808 448 808 0
w 448 808 448 888 0
w 288 1008 288 664 0
w 288 664 448 664 0
g 32 544 32 568 0 0
a 128 480 256 480 8 5 -5 1000000 1.2266659174288195 2.5000636673874976 100000
w 128 464 128 416 0
r 128 416 256 416 0 45500
w 256 416 256 480 0
w 256 480 256 544 0
r 256 544 128 544 0 100000
w 128 496 128 544 0
r 128 544 32 544 0 100000
c 128 464 32 464 0 0.003 1.2266659174288195 4.5
w 32 464 32 544 0
162 600 480 600 576 2 default-led 1 0 0 0.01
g -296 392 -296 408 0 0
r -296 304 -296 392 0 1000
r -8 288 -8 224 0 2000
r 80 288 80 224 0 2000
r -88 288 -88 224 0 2000
g -168 320 -168 352 0 0
w -296 256 -296 304 0
r -136 256 -296 256 0 1000
w -136 288 -136 256 0
a -168 304 -296 304 8 5 -5 1000000 0.000043749125017499646 0 100000
w -168 288 -136 288 0
r -88 288 -8 288 0 1000
r -8 288 80 288 0 1000
r 80 288 192 288 0 2000
g 192 288 192 344 0 0
w -136 288 -88 288 0
w -296 304 -672 304 2
w -672 304 -672 216 0
w -672 216 -952 216 0
w -952 216 -952 416 0
w -88 224 -88 200 0
w -8 160 -8 224 0
w 80 144 80 224 0
I 744 664 800 664 0 0.5 5
I 744 776 800 776 0 0.5 5
I 744 888 800 888 0 0.5 5
r -888 304 -728 304 0 2000
w -888 272 -888 304 0
w -728 272 -728 304 0
g 688 -352 688 -328 0 0
a 784 -416 912 -416 8 5 -5 1000000 -0.000007094256748407861 2.5001250041049174 100000
w 784 -432 784 -480 0
r 784 -480 912 -480 0 1000
w 912 -480 912 -416 0
w 912 -416 912 -352 0
r 912 -352 784 -352 0 1000
w 784 -400 784 -352 0
r 784 -352 688 -352 0 1000
c 784 -432 688 -432 0 1.0000000000000001e-7 -0.000007094256748407861 4.5
w 688 -432 688 -352 0
w 912 -416 984 -416 0
o 300 32 0 4099 10 0.00009765625 0 2 300 3
o 175 32 0 4099 5 0.00009765625 1 2 175 3
38 167 F1 0 4500 46000 -1 Change\sTime\s(Delay\sOutput)
38 371 F1 0 45500 133400 -1 Change\sTime\s(Average)
